views	n_tweets	n_tweeted
0	111725	111725
1	90487	202212
2	70219	272431
3	56568	328999
4	46087	375086
5	39073	414159
6	33673	447832
7	29234	477066
8	25609	502675
9	23049	525724
10	20669	546393
11	18824	565217
12	17335	582552
13	15619	598171
14	14222	612393
15	13377	625770
16	12413	638183
17	11569	649752
18	10968	660720
19	10219	670939
20	9503	680442
21	9207	689649
22	8734	698383
23	8242	706625
24	7643	714268
25	7328	721596
26	7148	728744
27	6734	735478
28	6448	741926
29	6065	747991
30	5946	753937
31	5689	759626
32	5386	765012
33	5228	770240
34	4991	775231
35	4816	780047
36	4667	784714
37	4463	789177
38	4426	793603
39	4165	797768
40	3976	801744
41	3913	805657
42	3846	809503
43	3697	813200
44	3590	816790
45	3462	820252
46	3395	823647
47	3166	826813
48	3152	829965
49	3127	833092
50	3062	836154
51	2952	839106
52	2922	842028
53	2655	844683
54	2736	847419
55	2617	850036
56	2598	852634
57	2525	855159
58	2348	857507
59	2441	859948
60	2296	862244
61	2264	864508
62	2168	866676
63	2165	868841
64	2060	870901
65	2012	872913
66	2011	874924
67	1990	876914
68	1954	878868
69	1875	880743
70	1938	882681
71	1832	884513
72	1719	886232
73	1756	887988
74	1712	889700
75	1654	891354
76	1669	893023
77	1570	894593
78	1538	896131
79	1643	897774
80	1527	899301
81	1474	900775
82	1507	902282
83	1381	903663
84	1380	905043
85	1337	906380
86	1406	907786
87	1323	909109
88	1330	910439
89	1291	911730
90	1303	913033
91	1323	914356
92	1184	915540
93	1187	916727
94	1201	917928
95	1139	919067
96	1120	920187
97	1116	921303
98	1131	922434
99	1120	923554
100	1158	924712
101	1073	925785
102	987	926772
103	1037	927809
104	978	928787
105	992	929779
106	979	930758
107	965	931723
108	952	932675
109	915	933590
110	923	934513
111	929	935442
112	893	936335
113	818	937153
114	790	937943
115	844	938787
116	829	939616
117	869	940485
118	874	941359
119	830	942189
120	780	942969
121	757	943726
122	780	944506
123	767	945273
124	720	945993
125	764	946757
126	725	947482
127	722	948204
128	744	948948
129	668	949616
130	742	950358
131	689	951047
132	711	951758
133	658	952416
134	703	953119
135	627	953746
136	646	954392
137	640	955032
138	592	955624
139	662	956286
140	668	956954
141	606	957560
142	596	958156
143	597	958753
144	588	959341
145	557	959898
146	564	960462
147	525	960987
148	552	961539
149	592	962131
150	564	962695
151	594	963289
152	542	963831
153	597	964428
154	545	964973
155	559	965532
156	523	966055
157	528	966583
158	534	967117
159	479	967596
160	477	968073
161	476	968549
162	485	969034
163	469	969503
164	491	969994
165	501	970495
166	499	970994
167	452	971446
168	437	971883
169	455	972338
170	451	972789
171	432	973221
172	424	973645
173	428	974073
174	454	974527
175	419	974946
176	408	975354
177	393	975747
178	403	976150
179	413	976563
180	382	976945
181	431	977376
182	348	977724
183	353	978077
184	373	978450
185	368	978818
186	363	979181
187	360	979541
188	356	979897
189	402	980299
190	334	980633
191	356	980989
192	342	981331
193	334	981665
194	336	982001
195	355	982356
196	347	982703
197	322	983025
198	338	983363
199	305	983668
200	339	984007
201	318	984325
202	300	984625
203	329	984954
204	297	985251
205	335	985586
206	347	985933
207	318	986251
208	312	986563
209	291	986854
210	271	987125
211	300	987425
212	324	987749
213	327	988076
214	293	988369
215	293	988662
216	302	988964
217	275	989239
218	269	989508
219	273	989781
220	302	990083
221	274	990357
222	270	990627
223	257	990884
224	256	991140
225	242	991382
226	271	991653
227	262	991915
228	260	992175
229	224	992399
230	268	992667
231	239	992906
232	246	993152
233	257	993409
234	269	993678
235	223	993901
236	211	994112
237	241	994353
238	215	994568
239	238	994806
240	238	995044
241	227	995271
242	244	995515
243	239	995754
244	234	995988
245	229	996217
246	217	996434
247	182	996616
248	214	996830
249	243	997073
250	208	997281
251	210	997491
252	223	997714
253	233	997947
254	209	998156
255	213	998369
256	199	998568
257	203	998771
258	181	998952
259	182	999134
260	221	999355
261	199	999554
262	190	999744
263	176	999920
264	189	1000109
265	183	1000292
266	201	1000493
267	164	1000657
268	175	1000832
269	194	1001026
270	162	1001188
271	184	1001372
272	190	1001562
273	172	1001734
274	203	1001937
275	170	1002107
276	167	1002274
277	191	1002465
278	157	1002622
279	192	1002814
280	154	1002968
281	164	1003132
282	181	1003313
283	204	1003517
284	146	1003663
285	171	1003834
286	183	1004017
287	181	1004198
288	147	1004345
289	164	1004509
290	150	1004659
291	148	1004807
292	167	1004974
293	161	1005135
294	161	1005296
295	155	1005451
296	167	1005618
297	178	1005796
298	162	1005958
299	142	1006100
300	157	1006257
301	157	1006414
302	147	1006561
303	157	1006718
304	135	1006853
305	152	1007005
306	131	1007136
307	157	1007293
308	145	1007438
309	137	1007575
310	159	1007734
311	152	1007886
312	136	1008022
313	169	1008191
314	136	1008327
315	115	1008442
316	135	1008577
317	154	1008731
318	139	1008870
319	134	1009004
320	107	1009111
321	130	1009241
322	134	1009375
323	153	1009528
324	126	1009654
325	145	1009799
326	142	1009941
327	118	1010059
328	142	1010201
329	124	1010325
330	128	1010453
331	143	1010596
332	118	1010714
333	139	1010853
334	105	1010958
335	134	1011092
336	145	1011237
337	130	1011367
338	113	1011480
339	129	1011609
340	113	1011722
341	138	1011860
342	125	1011985
343	114	1012099
344	109	1012208
345	130	1012338
346	102	1012440
347	116	1012556
348	106	1012662
349	128	1012790
350	99	1012889
351	118	1013007
352	123	1013130
353	117	1013247
354	128	1013375
355	108	1013483
356	108	1013591
357	136	1013727
358	118	1013845
359	110	1013955
360	103	1014058
361	101	1014159
362	111	1014270
363	113	1014383
364	101	1014484
365	115	1014599
366	141	1014740
367	96	1014836
368	110	1014946
369	104	1015050
370	109	1015159
371	105	1015264
372	111	1015375
373	89	1015464
374	113	1015577
375	106	1015683
376	106	1015789
377	86	1015875
378	91	1015966
379	89	1016055
380	95	1016150
381	101	1016251
382	96	1016347
383	86	1016433
384	87	1016520
385	116	1016636
386	102	1016738
387	112	1016850
388	102	1016952
389	102	1017054
390	85	1017139
391	81	1017220
392	104	1017324
393	87	1017411
394	100	1017511
395	99	1017610
396	82	1017692
397	84	1017776
398	90	1017866
399	97	1017963
400	74	1018037
401	97	1018134
402	93	1018227
403	94	1018321
404	86	1018407
405	78	1018485
406	89	1018574
407	82	1018656
408	98	1018754
409	96	1018850
410	81	1018931
411	94	1019025
412	83	1019108
413	79	1019187
414	71	1019258
415	79	1019337
416	79	1019416
417	86	1019502
418	83	1019585
419	95	1019680
420	68	1019748
421	79	1019827
422	78	1019905
423	70	1019975
424	69	1020044
425	81	1020125
426	84	1020209
427	78	1020287
428	90	1020377
429	81	1020458
430	75	1020533
431	90	1020623
432	82	1020705
433	63	1020768
434	80	1020848
435	65	1020913
436	79	1020992
437	68	1021060
438	84	1021144
439	75	1021219
440	75	1021294
441	75	1021369
442	75	1021444
443	74	1021518
444	77	1021595
445	73	1021668
446	64	1021732
447	77	1021809
448	75	1021884
449	74	1021958
450	73	1022031
451	72	1022103
452	74	1022177
453	62	1022239
454	77	1022316
455	73	1022389
456	67	1022456
457	79	1022535
458	73	1022608
459	66	1022674
460	73	1022747
461	66	1022813
462	66	1022879
463	68	1022947
464	67	1023014
465	84	1023098
466	64	1023162
467	59	1023221
468	60	1023281
469	59	1023340
470	65	1023405
471	59	1023464
472	54	1023518
473	73	1023591
474	50	1023641
475	75	1023716
476	58	1023774
477	73	1023847
478	63	1023910
479	65	1023975
480	58	1024033
481	61	1024094
482	51	1024145
483	65	1024210
484	46	1024256
485	47	1024303
486	69	1024372
487	58	1024430
488	63	1024493
489	55	1024548
490	60	1024608
491	58	1024666
492	63	1024729
493	62	1024791
494	52	1024843
495	50	1024893
496	61	1024954
497	62	1025016
498	62	1025078
499	49	1025127
500	44	1025171
501	49	1025220
502	68	1025288
503	55	1025343
504	44	1025387
505	64	1025451
506	57	1025508
507	65	1025573
508	50	1025623
509	48	1025671
510	51	1025722
511	50	1025772
512	52	1025824
513	61	1025885
514	56	1025941
515	67	1026008
516	55	1026063
517	57	1026120
518	44	1026164
519	60	1026224
520	46	1026270
521	45	1026315
522	56	1026371
523	45	1026416
524	49	1026465
525	50	1026515
526	40	1026555
527	57	1026612
528	48	1026660
529	48	1026708
530	48	1026756
531	47	1026803
532	53	1026856
533	47	1026903
534	61	1026964
535	49	1027013
536	49	1027062
537	48	1027110
538	55	1027165
539	44	1027209
540	37	1027246
541	59	1027305
542	43	1027348
543	54	1027402
544	57	1027459
545	57	1027516
546	40	1027556
547	42	1027598
548	60	1027658
549	51	1027709
550	59	1027768
551	56	1027824
552	52	1027876
553	45	1027921
554	39	1027960
555	49	1028009
556	45	1028054
557	55	1028109
558	52	1028161
559	52	1028213
560	41	1028254
561	42	1028296
562	53	1028349
563	42	1028391
564	40	1028431
565	50	1028481
566	43	1028524
567	52	1028576
568	45	1028621
569	27	1028648
570	37	1028685
571	43	1028728
572	44	1028772
573	46	1028818
574	36	1028854
575	40	1028894
576	43	1028937
577	48	1028985
578	62	1029047
579	44	1029091
580	50	1029141
581	44	1029185
582	39	1029224
583	44	1029268
584	39	1029307
585	29	1029336
586	50	1029386
587	41	1029427
588	46	1029473
589	40	1029513
590	45	1029558
591	38	1029596
592	44	1029640
593	33	1029673
594	34	1029707
595	34	1029741
596	36	1029777
597	43	1029820
598	44	1029864
599	58	1029922
600	45	1029967
601	43	1030010
602	42	1030052
603	44	1030096
604	33	1030129
605	40	1030169
606	30	1030199
607	40	1030239
608	39	1030278
609	42	1030320
610	42	1030362
611	27	1030389
612	27	1030416
613	37	1030453
614	45	1030498
615	36	1030534
616	43	1030577
617	46	1030623
618	41	1030664
619	40	1030704
620	41	1030745
621	42	1030787
622	44	1030831
623	37	1030868
624	35	1030903
625	46	1030949
626	32	1030981
627	32	1031013
628	24	1031037
629	28	1031065
630	41	1031106
631	29	1031135
632	41	1031176
633	41	1031217
634	42	1031259
635	27	1031286
636	36	1031322
637	43	1031365
638	44	1031409
639	35	1031444
640	33	1031477
641	30	1031507
642	42	1031549
643	38	1031587
644	43	1031630
645	31	1031661
646	35	1031696
647	37	1031733
648	35	1031768
649	30	1031798
650	31	1031829
651	39	1031868
652	36	1031904
653	31	1031935
654	30	1031965
655	29	1031994
656	37	1032031
657	36	1032067
658	27	1032094
659	29	1032123
660	29	1032152
661	27	1032179
662	25	1032204
663	41	1032245
664	42	1032287
665	34	1032321
666	31	1032352
667	44	1032396
668	31	1032427
669	35	1032462
670	35	1032497
671	27	1032524
672	27	1032551
673	28	1032579
674	27	1032606
675	30	1032636
676	31	1032667
677	36	1032703
678	21	1032724
679	29	1032753
680	23	1032776
681	36	1032812
682	23	1032835
683	27	1032862
684	25	1032887
685	30	1032917
686	31	1032948
687	35	1032983
688	24	1033007
689	33	1033040
690	32	1033072
691	40	1033112
692	38	1033150
693	26	1033176
694	38	1033214
695	25	1033239
696	28	1033267
697	23	1033290
698	33	1033323
699	32	1033355
700	27	1033382
701	31	1033413
702	31	1033444
703	30	1033474
704	22	1033496
705	26	1033522
706	27	1033549
707	24	1033573
708	34	1033607
709	28	1033635
710	30	1033665
711	36	1033701
712	38	1033739
713	23	1033762
714	30	1033792
715	21	1033813
716	19	1033832
717	21	1033853
718	23	1033876
719	26	1033902
720	23	1033925
721	27	1033952
722	25	1033977
723	31	1034008
724	26	1034034
725	34	1034068
726	27	1034095
727	32	1034127
728	34	1034161
729	26	1034187
730	29	1034216
731	29	1034245
732	32	1034277
733	35	1034312
734	20	1034332
735	22	1034354
736	23	1034377
737	31	1034408
738	36	1034444
739	32	1034476
740	24	1034500
741	25	1034525
742	20	1034545
743	23	1034568
744	19	1034587
745	26	1034613
746	24	1034637
747	28	1034665
748	24	1034689
749	25	1034714
750	29	1034743
751	37	1034780
752	30	1034810
753	29	1034839
754	21	1034860
755	26	1034886
756	21	1034907
757	24	1034931
758	22	1034953
759	21	1034974
760	29	1035003
761	19	1035022
762	30	1035052
763	29	1035081
764	20	1035101
765	20	1035121
766	24	1035145
767	27	1035172
768	25	1035197
769	22	1035219
770	20	1035239
771	20	1035259
772	24	1035283
773	18	1035301
774	28	1035329
775	15	1035344
776	18	1035362
777	24	1035386
778	26	1035412
779	20	1035432
780	27	1035459
781	17	1035476
782	21	1035497
783	24	1035521
784	19	1035540
785	20	1035560
786	16	1035576
787	19	1035595
788	24	1035619
789	22	1035641
790	22	1035663
791	32	1035695
792	18	1035713
793	19	1035732
794	30	1035762
795	20	1035782
796	30	1035812
797	15	1035827
798	25	1035852
799	20	1035872
800	28	1035900
801	25	1035925
802	25	1035950
803	20	1035970
804	17	1035987
805	24	1036011
806	22	1036033
807	24	1036057
808	23	1036080
809	24	1036104
810	21	1036125
811	16	1036141
812	26	1036167
813	27	1036194
814	30	1036224
815	19	1036243
816	22	1036265
817	19	1036284
818	19	1036303
819	22	1036325
820	12	1036337
821	27	1036364
822	29	1036393
823	24	1036417
824	19	1036436
825	19	1036455
826	22	1036477
827	19	1036496
828	20	1036516
829	18	1036534
830	17	1036551
831	19	1036570
832	15	1036585
833	16	1036601
834	20	1036621
835	19	1036640
836	13	1036653
837	21	1036674
838	11	1036685
839	24	1036709
840	27	1036736
841	21	1036757
842	18	1036775
843	16	1036791
844	21	1036812
845	16	1036828
846	23	1036851
847	25	1036876
848	21	1036897
849	16	1036913
850	19	1036932
851	15	1036947
852	21	1036968
853	22	1036990
854	15	1037005
855	22	1037027
856	21	1037048
857	19	1037067
858	18	1037085
859	16	1037101
860	20	1037121
861	24	1037145
862	22	1037167
863	14	1037181
864	18	1037199
865	19	1037218
866	22	1037240
867	20	1037260
868	20	1037280
869	21	1037301
870	20	1037321
871	19	1037340
872	21	1037361
873	24	1037385
874	20	1037405
875	24	1037429
876	24	1037453
877	15	1037468
878	20	1037488
879	25	1037513
880	16	1037529
881	21	1037550
882	23	1037573
883	15	1037588
884	13	1037601
885	22	1037623
886	19	1037642
887	20	1037662
888	13	1037675
889	19	1037694
890	23	1037717
891	17	1037734
892	17	1037751
893	21	1037772
894	25	1037797
895	19	1037816
896	20	1037836
897	13	1037849
898	17	1037866
899	17	1037883
900	14	1037897
901	18	1037915
902	14	1037929
903	20	1037949
904	21	1037970
905	17	1037987
906	14	1038001
907	10	1038011
908	18	1038029
909	27	1038056
910	18	1038074
911	16	1038090
912	15	1038105
913	16	1038121
914	19	1038140
915	25	1038165
916	19	1038184
917	24	1038208
918	23	1038231
919	25	1038256
920	11	1038267
921	16	1038283
922	19	1038302
923	23	1038325
924	8	1038333
925	16	1038349
926	19	1038368
927	22	1038390
928	13	1038403
929	14	1038417
930	15	1038432
931	18	1038450
932	20	1038470
933	16	1038486
934	22	1038508
935	18	1038526
936	22	1038548
937	22	1038570
938	22	1038592
939	15	1038607
940	14	1038621
941	11	1038632
942	16	1038648
943	12	1038660
944	13	1038673
945	18	1038691
946	13	1038704
947	27	1038731
948	12	1038743
949	16	1038759
950	10	1038769
951	20	1038789
952	24	1038813
953	16	1038829
954	16	1038845
955	13	1038858
956	16	1038874
957	18	1038892
958	15	1038907
959	22	1038929
960	11	1038940
961	15	1038955
962	10	1038965
963	18	1038983
964	15	1038998
965	19	1039017
966	19	1039036
967	11	1039047
968	14	1039061
969	16	1039077
970	12	1039089
971	11	1039100
972	12	1039112
973	21	1039133
974	16	1039149
975	18	1039167
976	19	1039186
977	19	1039205
978	15	1039220
979	13	1039233
980	16	1039249
981	16	1039265
982	12	1039277
983	17	1039294
984	11	1039305
985	21	1039326
986	19	1039345
987	16	1039361
988	14	1039375
989	23	1039398
990	15	1039413
991	11	1039424
992	17	1039441
993	17	1039458
994	17	1039475
995	24	1039499
996	12	1039511
997	14	1039525
998	13	1039538
999	13	1039551
1000	16	1039567
1001	24	1039591
1002	14	1039605
1003	8	1039613
1004	13	1039626
1005	18	1039644
1006	16	1039660
1007	16	1039676
1008	11	1039687
1009	13	1039700
1010	13	1039713
1011	7	1039720
1012	13	1039733
1013	13	1039746
1014	8	1039754
1015	10	1039764
1016	10	1039774
1017	15	1039789
1018	19	1039808
1019	11	1039819
1020	14	1039833
1021	12	1039845
1022	12	1039857
1023	21	1039878
1024	18	1039896
1025	14	1039910
1026	16	1039926
1027	18	1039944
1028	13	1039957
1029	12	1039969
1030	13	1039982
1031	12	1039994
1032	10	1040004
1033	19	1040023
1034	17	1040040
1035	10	1040050
1036	17	1040067
1037	17	1040084
1038	16	1040100
1039	11	1040111
1040	17	1040128
1041	15	1040143
1042	14	1040157
1043	20	1040177
1044	12	1040189
1045	17	1040206
1046	10	1040216
1047	20	1040236
1048	9	1040245
1049	14	1040259
1050	13	1040272
1051	19	1040291
1052	16	1040307
1053	13	1040320
1054	16	1040336
1055	11	1040347
1056	16	1040363
1057	9	1040372
1058	15	1040387
1059	16	1040403
1060	24	1040427
1061	5	1040432
1062	23	1040455
1063	17	1040472
1064	14	1040486
1065	8	1040494
1066	12	1040506
1067	10	1040516
1068	8	1040524
1069	11	1040535
1070	17	1040552
1071	16	1040568
1072	12	1040580
1073	26	1040606
1074	12	1040618
1075	17	1040635
1076	12	1040647
1077	14	1040661
1078	10	1040671
1079	15	1040686
1080	14	1040700
1081	11	1040711
1082	12	1040723
1083	11	1040734
1084	8	1040742
1085	10	1040752
1086	11	1040763
1087	13	1040776
1088	15	1040791
1089	11	1040802
1090	12	1040814
1091	12	1040826
1092	17	1040843
1093	12	1040855
1094	12	1040867
1095	9	1040876
1096	9	1040885
1097	8	1040893
1098	15	1040908
1099	6	1040914
1100	14	1040928
1101	17	1040945
1102	9	1040954
1103	11	1040965
1104	14	1040979
1105	12	1040991
1106	11	1041002
1107	9	1041011
1108	8	1041019
1109	13	1041032
1110	7	1041039
1111	13	1041052
1112	15	1041067
1113	10	1041077
1114	16	1041093
1115	10	1041103
1116	16	1041119
1117	12	1041131
1118	12	1041143
1119	16	1041159
1120	11	1041170
1121	12	1041182
1122	6	1041188
1123	17	1041205
1124	11	1041216
1125	11	1041227
1126	12	1041239
1127	9	1041248
1128	7	1041255
1129	15	1041270
1130	16	1041286
1131	14	1041300
1132	9	1041309
1133	10	1041319
1134	16	1041335
1135	11	1041346
1136	8	1041354
1137	7	1041361
1138	16	1041377
1139	14	1041391
1140	6	1041397
1141	16	1041413
1142	8	1041421
1143	6	1041427
1144	7	1041434
1145	5	1041439
1146	16	1041455
1147	17	1041472
1148	12	1041484
1149	10	1041494
1150	14	1041508
1151	10	1041518
1152	11	1041529
1153	14	1041543
1154	8	1041551
1155	10	1041561
1156	13	1041574
1157	11	1041585
1158	11	1041596
1159	12	1041608
1160	14	1041622
1161	8	1041630
1162	8	1041638
1163	8	1041646
1164	15	1041661
1165	14	1041675
1166	12	1041687
1167	15	1041702
1168	5	1041707
1169	10	1041717
1170	10	1041727
1171	14	1041741
1172	4	1041745
1173	8	1041753
1174	6	1041759
1175	9	1041768
1176	16	1041784
1177	13	1041797
1178	8	1041805
1179	16	1041821
1180	8	1041829
1181	10	1041839
1182	14	1041853
1183	11	1041864
1184	14	1041878
1185	4	1041882
1186	12	1041894
1187	7	1041901
1188	9	1041910
1189	14	1041924
1190	19	1041943
1191	8	1041951
1192	5	1041956
1193	7	1041963
1194	7	1041970
1195	8	1041978
1196	2	1041980
1197	8	1041988
1198	6	1041994
1199	11	1042005
1200	11	1042016
1201	7	1042023
1202	16	1042039
1203	9	1042048
1204	7	1042055
1205	9	1042064
1206	6	1042070
1207	8	1042078
1208	6	1042084
1209	8	1042092
1210	8	1042100
1211	11	1042111
1212	10	1042121
1213	9	1042130
1214	8	1042138
1215	12	1042150
1216	7	1042157
1217	9	1042166
1218	14	1042180
1219	7	1042187
1220	15	1042202
1221	13	1042215
1222	12	1042227
1223	9	1042236
1224	8	1042244
1225	10	1042254
1226	11	1042265
1227	11	1042276
1228	12	1042288
1229	16	1042304
1230	8	1042312
1231	20	1042332
1232	10	1042342
1233	9	1042351
1234	8	1042359
1235	8	1042367
1236	8	1042375
1237	10	1042385
1238	10	1042395
1239	7	1042402
1240	9	1042411
1241	11	1042422
1242	12	1042434
1243	10	1042444
1244	7	1042451
1245	13	1042464
1246	8	1042472
1247	12	1042484
1248	6	1042490
1249	8	1042498
1250	11	1042509
1251	9	1042518
1252	10	1042528
1253	11	1042539
1254	9	1042548
1255	8	1042556
1256	15	1042571
1257	6	1042577
1258	4	1042581
1259	12	1042593
1260	8	1042601
1261	7	1042608
1262	10	1042618
1263	12	1042630
1264	11	1042641
1265	8	1042649
1266	11	1042660
1267	13	1042673
1268	5	1042678
1269	7	1042685
1270	8	1042693
1271	12	1042705
1272	11	1042716
1273	13	1042729
1274	10	1042739
1275	11	1042750
1276	13	1042763
1277	15	1042778
1278	16	1042794
1279	11	1042805
1280	7	1042812
1281	10	1042822
1282	15	1042837
1283	18	1042855
1284	13	1042868
1285	8	1042876
1286	9	1042885
1287	10	1042895
1288	9	1042904
1289	10	1042914
1290	10	1042924
1291	6	1042930
1292	4	1042934
1293	6	1042940
1294	11	1042951
1295	11	1042962
1296	9	1042971
1297	8	1042979
1298	7	1042986
1299	9	1042995
1300	8	1043003
1301	9	1043012
1302	13	1043025
1303	9	1043034
1304	10	1043044
1305	14	1043058
1306	7	1043065
1307	11	1043076
1308	10	1043086
1309	6	1043092
1310	7	1043099
1311	8	1043107
1312	6	1043113
1313	11	1043124
1314	6	1043130
1315	8	1043138
1316	10	1043148
1317	7	1043155
1318	8	1043163
1319	8	1043171
1320	6	1043177
1321	5	1043182
1322	7	1043189
1323	8	1043197
1324	13	1043210
1325	2	1043212
1326	6	1043218
1327	14	1043232
1328	9	1043241
1329	17	1043258
1330	7	1043265
1331	6	1043271
1332	6	1043277
1333	8	1043285
1334	11	1043296
1335	6	1043302
1336	8	1043310
1337	13	1043323
1338	7	1043330
1339	7	1043337
1340	5	1043342
1341	7	1043349
1342	14	1043363
1343	4	1043367
1344	8	1043375
1345	8	1043383
1346	11	1043394
1347	6	1043400
1348	10	1043410
1349	10	1043420
1350	7	1043427
1351	4	1043431
1352	4	1043435
1353	7	1043442
1354	4	1043446
1355	5	1043451
1356	7	1043458
1357	15	1043473
1358	8	1043481
1359	2	1043483
1360	6	1043489
1361	7	1043496
1362	8	1043504
1363	11	1043515
1364	8	1043523
1365	7	1043530
1366	6	1043536
1367	7	1043543
1368	6	1043549
1369	6	1043555
1370	10	1043565
1371	3	1043568
1372	8	1043576
1373	7	1043583
1374	4	1043587
1375	6	1043593
1376	11	1043604
1377	5	1043609
1378	7	1043616
1379	10	1043626
1380	11	1043637
1381	11	1043648
1382	11	1043659
1383	10	1043669
1384	9	1043678
1385	13	1043691
1386	7	1043698
1387	9	1043707
1388	10	1043717
1389	7	1043724
1390	17	1043741
1391	8	1043749
1392	5	1043754
1393	11	1043765
1394	13	1043778
1395	3	1043781
1396	8	1043789
1397	9	1043798
1398	7	1043805
1399	11	1043816
1400	5	1043821
1401	10	1043831
1402	11	1043842
1403	10	1043852
1404	9	1043861
1405	8	1043869
1406	7	1043876
1407	5	1043881
1408	10	1043891
1409	8	1043899
1410	6	1043905
1411	11	1043916
1412	7	1043923
1413	6	1043929
1414	11	1043940
1415	4	1043944
1416	9	1043953
1417	7	1043960
1418	6	1043966
1419	5	1043971
1420	10	1043981
1421	10	1043991
1422	9	1044000
1423	9	1044009
1424	8	1044017
1425	7	1044024
1426	2	1044026
1427	12	1044038
1428	4	1044042
1429	4	1044046
1430	9	1044055
1431	4	1044059
1432	11	1044070
1433	8	1044078
1434	4	1044082
1435	7	1044089
1436	8	1044097
1437	15	1044112
1438	11	1044123
1439	6	1044129
1440	8	1044137
1441	9	1044146
1442	9	1044155
1443	6	1044161
1444	3	1044164
1445	6	1044170
1446	7	1044177
1447	8	1044185
1448	5	1044190
1449	6	1044196
1450	3	1044199
1451	4	1044203
1452	7	1044210
1453	4	1044214
1454	9	1044223
1455	6	1044229
1456	6	1044235
1457	5	1044240
1458	7	1044247
1459	8	1044255
1460	9	1044264
1461	9	1044273
1462	8	1044281
1463	6	1044287
1464	8	1044295
1465	6	1044301
1466	7	1044308
1467	5	1044313
1468	6	1044319
1469	7	1044326
1470	7	1044333
1471	11	1044344
1472	9	1044353
1473	12	1044365
1474	4	1044369
1475	9	1044378
1476	9	1044387
1477	6	1044393
1478	7	1044400
1479	4	1044404
1480	10	1044414
1481	11	1044425
1482	6	1044431
1483	7	1044438
1484	6	1044444
1485	3	1044447
1486	4	1044451
1487	3	1044454
1488	5	1044459
1489	9	1044468
1490	8	1044476
1491	7	1044483
1492	6	1044489
1493	6	1044495
1494	5	1044500
1495	5	1044505
1496	6	1044511
1497	7	1044518
1498	10	1044528
1499	6	1044534
1500	9	1044543
1501	4	1044547
1502	11	1044558
1503	11	1044569
1504	6	1044575
1505	9	1044584
1506	5	1044589
1507	6	1044595
1508	4	1044599
1509	5	1044604
1510	9	1044613
1511	8	1044621
1512	5	1044626
1513	8	1044634
1514	7	1044641
1515	2	1044643
1516	11	1044654
1517	11	1044665
1518	8	1044673
1519	15	1044688
1520	11	1044699
1521	10	1044709
1522	8	1044717
1523	6	1044723
1524	9	1044732
1525	5	1044737
1526	3	1044740
1527	8	1044748
1528	8	1044756
1529	5	1044761
1530	9	1044770
1531	8	1044778
1532	7	1044785
1533	6	1044791
1534	7	1044798
1535	8	1044806
1536	7	1044813
1537	6	1044819
1538	9	1044828
1539	8	1044836
1540	4	1044840
1541	6	1044846
1542	8	1044854
1543	11	1044865
1544	6	1044871
1545	4	1044875
1546	5	1044880
1547	4	1044884
1548	5	1044889
1549	5	1044894
1550	6	1044900
1551	3	1044903
1552	9	1044912
1553	8	1044920
1554	7	1044927
1555	7	1044934
1556	1	1044935
1557	5	1044940
1558	7	1044947
1559	7	1044954
1560	7	1044961
1561	11	1044972
1562	6	1044978
1563	8	1044986
1564	7	1044993
1565	1	1044994
1566	6	1045000
1567	5	1045005
1568	5	1045010
1569	7	1045017
1570	5	1045022
1571	8	1045030
1572	4	1045034
1573	5	1045039
1574	5	1045044
1575	5	1045049
1576	2	1045051
1577	7	1045058
1578	7	1045065
1579	5	1045070
1580	7	1045077
1581	6	1045083
1582	9	1045092
1583	7	1045099
1584	6	1045105
1585	9	1045114
1586	7	1045121
1587	6	1045127
1588	9	1045136
1589	5	1045141
1590	5	1045146
1591	5	1045151
1592	4	1045155
1593	5	1045160
1594	9	1045169
1595	3	1045172
1596	6	1045178
1597	8	1045186
1598	5	1045191
1599	5	1045196
1600	7	1045203
1601	8	1045211
1602	1	1045212
1603	5	1045217
1604	7	1045224
1605	4	1045228
1606	7	1045235
1607	4	1045239
1608	7	1045246
1609	4	1045250
1610	3	1045253
1611	6	1045259
1612	7	1045266
1613	7	1045273
1614	4	1045277
1615	5	1045282
1616	6	1045288
1617	9	1045297
1618	7	1045304
1619	5	1045309
1620	9	1045318
1621	4	1045322
1622	4	1045326
1623	2	1045328
1624	3	1045331
1625	9	1045340
1626	4	1045344
1627	4	1045348
1628	5	1045353
1629	8	1045361
1630	10	1045371
1631	4	1045375
1632	5	1045380
1633	7	1045387
1634	8	1045395
1635	8	1045403
1636	9	1045412
1637	4	1045416
1638	7	1045423
1639	3	1045426
1640	5	1045431
1641	12	1045443
1642	2	1045445
1643	4	1045449
1644	3	1045452
1645	3	1045455
1646	6	1045461
1647	9	1045470
1648	6	1045476
1649	4	1045480
1650	9	1045489
1651	5	1045494
1652	10	1045504
1653	9	1045513
1654	2	1045515
1655	3	1045518
1656	8	1045526
1657	8	1045534
1658	7	1045541
1659	3	1045544
1660	3	1045547
1661	4	1045551
1662	9	1045560
1663	2	1045562
1664	8	1045570
1665	6	1045576
1666	3	1045579
1667	5	1045584
1668	4	1045588
1669	5	1045593
1670	10	1045603
1671	7	1045610
1672	7	1045617
1673	8	1045625
1674	5	1045630
1675	4	1045634
1676	4	1045638
1677	5	1045643
1678	5	1045648
1679	5	1045653
1680	6	1045659
1681	6	1045665
1683	3	1045668
1684	5	1045673
1685	7	1045680
1687	7	1045687
1688	7	1045694
1689	5	1045699
1690	4	1045703
1691	5	1045708
1692	5	1045713
1693	7	1045720
1694	4	1045724
1695	5	1045729
1696	7	1045736
1697	6	1045742
1698	6	1045748
1699	7	1045755
1700	4	1045759
1701	7	1045766
1702	4	1045770
1703	4	1045774
1704	4	1045778
1705	6	1045784
1706	5	1045789
1707	5	1045794
1708	5	1045799
1709	7	1045806
1710	4	1045810
1711	2	1045812
1712	2	1045814
1713	1	1045815
1714	5	1045820
1715	8	1045828
1716	6	1045834
1717	9	1045843
1718	3	1045846
1719	1	1045847
1720	9	1045856
1721	3	1045859
1722	6	1045865
1723	3	1045868
1724	5	1045873
1725	7	1045880
1726	2	1045882
1727	5	1045887
1728	6	1045893
1729	3	1045896
1730	5	1045901
1731	5	1045906
1732	8	1045914
1733	8	1045922
1734	6	1045928
1735	5	1045933
1736	5	1045938
1737	3	1045941
1738	4	1045945
1739	2	1045947
1740	4	1045951
1741	6	1045957
1742	7	1045964
1743	4	1045968
1744	2	1045970
1745	2	1045972
1746	4	1045976
1747	7	1045983
1748	5	1045988
1749	4	1045992
1750	5	1045997
1751	3	1046000
1752	3	1046003
1753	7	1046010
1754	4	1046014
1755	6	1046020
1756	6	1046026
1757	1	1046027
1758	6	1046033
1759	2	1046035
1760	4	1046039
1761	5	1046044
1762	4	1046048
1763	1	1046049
1764	3	1046052
1765	5	1046057
1766	10	1046067
1767	6	1046073
1768	7	1046080
1769	4	1046084
1770	4	1046088
1771	2	1046090
1772	3	1046093
1773	3	1046096
1774	3	1046099
1775	3	1046102
1776	2	1046104
1777	3	1046107
1778	1	1046108
1779	1	1046109
1780	5	1046114
1781	5	1046119
1782	4	1046123
1783	8	1046131
1784	4	1046135
1785	9	1046144
1786	3	1046147
1787	4	1046151
1788	4	1046155
1789	6	1046161
1790	4	1046165
1791	5	1046170
1792	4	1046174
1793	5	1046179
1794	4	1046183
1795	5	1046188
1796	8	1046196
1797	3	1046199
1798	8	1046207
1799	2	1046209
1800	1	1046210
1801	5	1046215
1802	3	1046218
1803	3	1046221
1804	3	1046224
1805	3	1046227
1806	3	1046230
1807	5	1046235
1808	3	1046238
1809	8	1046246
1810	4	1046250
1811	4	1046254
1812	7	1046261
1813	3	1046264
1814	5	1046269
1815	2	1046271
1816	4	1046275
1817	6	1046281
1818	5	1046286
1819	5	1046291
1820	2	1046293
1821	8	1046301
1822	3	1046304
1823	3	1046307
1824	7	1046314
1825	6	1046320
1826	7	1046327
1827	2	1046329
1828	1	1046330
1829	5	1046335
1830	3	1046338
1831	6	1046344
1832	3	1046347
1833	5	1046352
1834	5	1046357
1835	7	1046364
1836	4	1046368
1837	6	1046374
1838	3	1046377
1839	7	1046384
1840	7	1046391
1841	3	1046394
1842	5	1046399
1843	2	1046401
1844	4	1046405
1845	11	1046416
1846	6	1046422
1847	5	1046427
1848	3	1046430
1849	5	1046435
1850	5	1046440
1851	9	1046449
1852	5	1046454
1853	3	1046457
1854	4	1046461
1855	3	1046464
1856	7	1046471
1857	4	1046475
1858	1	1046476
1859	8	1046484
1860	3	1046487
1861	3	1046490
1862	2	1046492
1863	4	1046496
1864	6	1046502
1865	3	1046505
1866	6	1046511
1867	3	1046514
1868	4	1046518
1869	5	1046523
1870	5	1046528
1871	2	1046530
1872	2	1046532
1873	3	1046535
1874	2	1046537
1875	3	1046540
1876	3	1046543
1877	5	1046548
1878	3	1046551
1879	3	1046554
1880	5	1046559
1881	2	1046561
1882	5	1046566
1883	7	1046573
1884	4	1046577
1885	5	1046582
1886	2	1046584
1887	3	1046587
1888	8	1046595
1889	2	1046597
1890	9	1046606
1891	4	1046610
1892	6	1046616
1893	5	1046621
1894	5	1046626
1895	1	1046627
1896	6	1046633
1897	1	1046634
1898	3	1046637
1899	3	1046640
1900	2	1046642
1901	4	1046646
1902	5	1046651
1903	6	1046657
1904	4	1046661
1905	6	1046667
1907	3	1046670
1908	4	1046674
1909	4	1046678
1910	5	1046683
1911	5	1046688
1912	2	1046690
1913	2	1046692
1914	3	1046695
1915	7	1046702
1916	5	1046707
1917	7	1046714
1918	3	1046717
1919	3	1046720
1920	5	1046725
1921	1	1046726
1922	2	1046728
1923	3	1046731
1924	4	1046735
1925	3	1046738
1926	3	1046741
1927	2	1046743
1928	2	1046745
1929	4	1046749
1930	4	1046753
1931	4	1046757
1932	3	1046760
1933	5	1046765
1934	3	1046768
1935	7	1046775
1936	3	1046778
1937	3	1046781
1938	1	1046782
1939	3	1046785
1940	1	1046786
1941	5	1046791
1942	3	1046794
1943	8	1046802
1944	1	1046803
1945	2	1046805
1946	3	1046808
1947	3	1046811
1948	2	1046813
1949	5	1046818
1950	2	1046820
1951	2	1046822
1952	4	1046826
1953	3	1046829
1954	2	1046831
1955	4	1046835
1956	5	1046840
1957	4	1046844
1958	4	1046848
1959	7	1046855
1960	1	1046856
1961	4	1046860
1962	6	1046866
1963	2	1046868
1964	3	1046871
1965	7	1046878
1966	2	1046880
1967	5	1046885
1968	3	1046888
1969	2	1046890
1970	7	1046897
1971	4	1046901
1972	6	1046907
1973	5	1046912
1974	2	1046914
1975	3	1046917
1976	3	1046920
1977	2	1046922
1978	6	1046928
1979	4	1046932
1980	7	1046939
1981	5	1046944
1982	3	1046947
1983	7	1046954
1984	2	1046956
1985	7	1046963
1987	4	1046967
1988	6	1046973
1989	6	1046979
1990	2	1046981
1991	3	1046984
1992	1	1046985
1993	3	1046988
1994	1	1046989
1995	2	1046991
1996	4	1046995
1997	5	1047000
1998	4	1047004
1999	2	1047006
2000	3	1047009
2001	2	1047011
2002	1	1047012
2003	3	1047015
2004	2	1047017
2005	3	1047020
2006	3	1047023
2007	3	1047026
2008	7	1047033
2009	5	1047038
2010	3	1047041
2011	5	1047046
2012	4	1047050
2013	5	1047055
2014	3	1047058
2015	2	1047060
2017	2	1047062
2018	3	1047065
2019	2	1047067
2020	4	1047071
2021	5	1047076
2022	4	1047080
2024	9	1047089
2025	3	1047092
2026	2	1047094
2027	2	1047096
2028	3	1047099
2029	1	1047100
2030	4	1047104
2031	2	1047106
2032	5	1047111
2033	2	1047113
2034	5	1047118
2035	3	1047121
2036	1	1047122
2037	2	1047124
2038	2	1047126
2039	2	1047128
2040	1	1047129
2041	2	1047131
2042	3	1047134
2043	3	1047137
2044	3	1047140
2045	3	1047143
2046	3	1047146
2047	6	1047152
2048	2	1047154
2049	1	1047155
2050	6	1047161
2051	2	1047163
2052	1	1047164
2053	3	1047167
2054	5	1047172
2055	4	1047176
2056	3	1047179
2057	1	1047180
2058	3	1047183
2059	5	1047188
2060	5	1047193
2061	2	1047195
2062	3	1047198
2063	3	1047201
2064	4	1047205
2065	6	1047211
2066	1	1047212
2067	5	1047217
2068	5	1047222
2069	2	1047224
2070	6	1047230
2071	3	1047233
2072	5	1047238
2073	3	1047241
2074	2	1047243
2075	5	1047248
2076	4	1047252
2077	1	1047253
2078	3	1047256
2079	1	1047257
2080	2	1047259
2081	5	1047264
2082	3	1047267
2083	4	1047271
2084	5	1047276
2085	2	1047278
2086	2	1047280
2087	3	1047283
2088	4	1047287
2089	7	1047294
2090	5	1047299
2091	2	1047301
2092	3	1047304
2093	4	1047308
2094	9	1047317
2096	4	1047321
2097	6	1047327
2098	1	1047328
2099	4	1047332
2100	2	1047334
2101	4	1047338
2102	2	1047340
2103	4	1047344
2104	1	1047345
2105	4	1047349
2106	6	1047355
2107	2	1047357
2108	3	1047360
2109	4	1047364
2110	2	1047366
2111	1	1047367
2112	3	1047370
2113	2	1047372
2114	3	1047375
2115	3	1047378
2116	2	1047380
2117	5	1047385
2118	2	1047387
2119	2	1047389
2120	5	1047394
2121	5	1047399
2122	2	1047401
2123	5	1047406
2124	3	1047409
2125	1	1047410
2126	3	1047413
2127	2	1047415
2128	5	1047420
2129	2	1047422
2130	3	1047425
2131	1	1047426
2132	5	1047431
2133	1	1047432
2134	4	1047436
2136	4	1047440
2137	1	1047441
2138	6	1047447
2139	1	1047448
2140	5	1047453
2141	4	1047457
2142	3	1047460
2143	5	1047465
2144	3	1047468
2145	5	1047473
2146	2	1047475
2147	4	1047479
2148	3	1047482
2149	2	1047484
2150	2	1047486
2151	2	1047488
2152	6	1047494
2153	3	1047497
2154	3	1047500
2155	2	1047502
2156	3	1047505
2157	3	1047508
2158	1	1047509
2159	1	1047510
2160	4	1047514
2161	5	1047519
2162	3	1047522
2163	3	1047525
2164	2	1047527
2165	6	1047533
2166	1	1047534
2167	3	1047537
2168	3	1047540
2169	1	1047541
2170	4	1047545
2171	5	1047550
2172	4	1047554
2173	2	1047556
2175	7	1047563
2176	4	1047567
2177	2	1047569
2178	3	1047572
2179	1	1047573
2180	3	1047576
2181	4	1047580
2182	2	1047582
2183	1	1047583
2184	5	1047588
2185	3	1047591
2186	2	1047593
2187	1	1047594
2188	5	1047599
2189	1	1047600
2190	1	1047601
2191	3	1047604
2192	3	1047607
2193	1	1047608
2194	1	1047609
2195	2	1047611
2197	3	1047614
2198	5	1047619
2199	4	1047623
2200	4	1047627
2201	3	1047630
2202	1	1047631
2203	1	1047632
2204	2	1047634
2205	1	1047635
2206	5	1047640
2207	3	1047643
2208	4	1047647
2209	2	1047649
2210	2	1047651
2211	3	1047654
2212	5	1047659
2213	1	1047660
2215	2	1047662
2217	1	1047663
2218	3	1047666
2219	2	1047668
2220	6	1047674
2221	3	1047677
2222	1	1047678
2223	4	1047682
2224	1	1047683
2225	1	1047684
2226	5	1047689
2227	2	1047691
2228	4	1047695
2229	1	1047696
2230	3	1047699
2231	2	1047701
2232	4	1047705
2233	3	1047708
2234	1	1047709
2235	2	1047711
2236	5	1047716
2237	3	1047719
2238	1	1047720
2239	1	1047721
2240	4	1047725
2241	3	1047728
2242	1	1047729
2243	1	1047730
2244	4	1047734
2245	4	1047738
2246	3	1047741
2247	1	1047742
2248	3	1047745
2249	5	1047750
2250	2	1047752
2251	1	1047753
2252	3	1047756
2253	6	1047762
2254	4	1047766
2255	3	1047769
2256	3	1047772
2257	5	1047777
2258	4	1047781
2259	4	1047785
2260	5	1047790
2262	2	1047792
2263	1	1047793
2264	4	1047797
2266	2	1047799
2267	3	1047802
2268	3	1047805
2269	4	1047809
2270	2	1047811
2271	3	1047814
2272	3	1047817
2273	3	1047820
2274	2	1047822
2275	4	1047826
2276	3	1047829
2277	1	1047830
2278	4	1047834
2279	5	1047839
2280	2	1047841
2281	3	1047844
2283	4	1047848
2284	2	1047850
2285	3	1047853
2286	6	1047859
2287	2	1047861
2288	5	1047866
2289	1	1047867
2290	1	1047868
2291	3	1047871
2292	1	1047872
2293	6	1047878
2294	4	1047882
2295	3	1047885
2296	5	1047890
2297	2	1047892
2298	4	1047896
2299	4	1047900
2300	1	1047901
2301	1	1047902
2302	4	1047906
2303	4	1047910
2304	4	1047914
2305	1	1047915
2306	2	1047917
2307	5	1047922
2308	2	1047924
2309	7	1047931
2310	5	1047936
2311	2	1047938
2312	4	1047942
2313	4	1047946
2314	1	1047947
2315	2	1047949
2316	1	1047950
2317	2	1047952
2318	3	1047955
2319	3	1047958
2320	4	1047962
2321	5	1047967
2322	3	1047970
2323	4	1047974
2324	2	1047976
2325	1	1047977
2326	1	1047978
2327	2	1047980
2328	2	1047982
2329	5	1047987
2330	2	1047989
2331	2	1047991
2332	5	1047996
2334	2	1047998
2335	1	1047999
2336	2	1048001
2337	3	1048004
2338	3	1048007
2339	1	1048008
2340	3	1048011
2341	3	1048014
2342	3	1048017
2343	3	1048020
2344	1	1048021
2347	4	1048025
2348	3	1048028
2349	3	1048031
2350	2	1048033
2351	3	1048036
2352	2	1048038
2353	1	1048039
2354	3	1048042
2356	2	1048044
2357	4	1048048
2358	2	1048050
2359	3	1048053
2360	1	1048054
2362	2	1048056
2363	4	1048060
2365	4	1048064
2366	3	1048067
2367	2	1048069
2368	5	1048074
2370	2	1048076
2371	2	1048078
2372	2	1048080
2373	1	1048081
2375	1	1048082
2376	2	1048084
2377	1	1048085
2378	4	1048089
2379	4	1048093
2381	1	1048094
2382	4	1048098
2383	2	1048100
2384	2	1048102
2385	5	1048107
2386	4	1048111
2387	3	1048114
2388	2	1048116
2389	2	1048118
2390	2	1048120
2391	3	1048123
2392	3	1048126
2393	3	1048129
2395	2	1048131
2396	1	1048132
2397	6	1048138
2398	6	1048144
2399	4	1048148
2400	3	1048151
2401	2	1048153
2402	1	1048154
2403	1	1048155
2404	1	1048156
2406	3	1048159
2407	4	1048163
2409	2	1048165
2410	4	1048169
2411	1	1048170
2412	3	1048173
2413	4	1048177
2415	2	1048179
2417	4	1048183
2418	1	1048184
2419	1	1048185
2420	2	1048187
2421	1	1048188
2422	5	1048193
2423	1	1048194
2424	2	1048196
2426	2	1048198
2427	2	1048200
2428	1	1048201
2429	4	1048205
2430	2	1048207
2431	3	1048210
2432	3	1048213
2433	3	1048216
2435	3	1048219
2436	1	1048220
2437	1	1048221
2438	2	1048223
2439	1	1048224
2440	2	1048226
2441	4	1048230
2442	1	1048231
2443	1	1048232
2444	3	1048235
2445	3	1048238
2446	4	1048242
2447	2	1048244
2448	2	1048246
2449	2	1048248
2450	3	1048251
2451	2	1048253
2452	2	1048255
2453	5	1048260
2454	1	1048261
2456	1	1048262
2457	1	1048263
2458	1	1048264
2459	2	1048266
2460	6	1048272
2461	1	1048273
2462	2	1048275
2463	2	1048277
2464	2	1048279
2465	4	1048283
2466	3	1048286
2467	4	1048290
2468	2	1048292
2469	1	1048293
2470	1	1048294
2471	3	1048297
2472	4	1048301
2473	3	1048304
2474	2	1048306
2475	3	1048309
2476	2	1048311
2479	1	1048312
2480	4	1048316
2481	4	1048320
2482	1	1048321
2483	3	1048324
2484	3	1048327
2485	1	1048328
2488	2	1048330
2489	3	1048333
2490	1	1048334
2491	3	1048337
2492	2	1048339
2494	1	1048340
2495	4	1048344
2497	1	1048345
2498	2	1048347
2499	7	1048354
2500	1	1048355
2501	1	1048356
2503	3	1048359
2505	2	1048361
2506	2	1048363
2507	3	1048366
2508	2	1048368
2510	1	1048369
2512	2	1048371
2513	1	1048372
2514	3	1048375
2515	2	1048377
2516	3	1048380
2517	1	1048381
2518	1	1048382
2520	1	1048383
2521	1	1048384
2522	1	1048385
2523	2	1048387
2524	4	1048391
2525	2	1048393
2526	2	1048395
2527	4	1048399
2528	2	1048401
2529	1	1048402
2530	1	1048403
2531	1	1048404
2532	1	1048405
2533	2	1048407
2534	1	1048408
2536	1	1048409
2537	5	1048414
2538	4	1048418
2539	2	1048420
2541	1	1048421
2542	1	1048422
2543	3	1048425
2544	2	1048427
2545	2	1048429
2546	1	1048430
2547	1	1048431
2549	2	1048433
2550	2	1048435
2552	1	1048436
2553	4	1048440
2554	2	1048442
2555	2	1048444
2556	2	1048446
2557	2	1048448
2558	2	1048450
2559	2	1048452
2560	1	1048453
2561	3	1048456
2562	2	1048458
2563	3	1048461
2564	2	1048463
2565	2	1048465
2566	1	1048466
2567	6	1048472
2568	2	1048474
2569	1	1048475
2570	1	1048476
2571	1	1048477
2573	3	1048480
2574	6	1048486
2575	5	1048491
2576	1	1048492
2577	3	1048495
2578	4	1048499
2579	4	1048503
2580	3	1048506
2582	1	1048507
2583	3	1048510
2584	3	1048513
2585	2	1048515
2587	1	1048516
2588	1	1048517
2589	5	1048522
2590	1	1048523
2591	2	1048525
2592	3	1048528
2593	3	1048531
2594	1	1048532
2595	1	1048533
2597	3	1048536
2598	1	1048537
2599	2	1048539
2600	3	1048542
2601	3	1048545
2602	3	1048548
2603	2	1048550
2604	1	1048551
2606	3	1048554
2607	1	1048555
2608	1	1048556
2609	1	1048557
2611	1	1048558
2612	1	1048559
2613	1	1048560
2614	1	1048561
2615	1	1048562
2616	2	1048564
2617	1	1048565
2618	1	1048566
2619	1	1048567
2620	2	1048569
2621	2	1048571
2623	1	1048572
2624	2	1048574
2626	5	1048579
2628	4	1048583
2629	2	1048585
2630	1	1048586
2631	4	1048590
2632	1	1048591
2633	1	1048592
2636	2	1048594
2637	2	1048596
2638	1	1048597
2639	1	1048598
2640	2	1048600
2641	2	1048602
2642	2	1048604
2643	3	1048607
2644	2	1048609
2646	2	1048611
2647	2	1048613
2648	2	1048615
2650	2	1048617
2651	4	1048621
2652	1	1048622
2654	1	1048623
2655	1	1048624
2657	2	1048626
2658	3	1048629
2659	3	1048632
2660	1	1048633
2661	1	1048634
2663	4	1048638
2664	4	1048642
2665	3	1048645
2666	1	1048646
2667	2	1048648
2668	4	1048652
2669	5	1048657
2670	1	1048658
2672	3	1048661
2674	2	1048663
2676	2	1048665
2677	7	1048672
2678	1	1048673
2679	1	1048674
2680	2	1048676
2682	2	1048678
2683	1	1048679
2685	2	1048681
2686	4	1048685
2687	1	1048686
2688	1	1048687
2689	1	1048688
2691	2	1048690
2692	1	1048691
2693	2	1048693
2694	1	1048694
2695	2	1048696
2696	1	1048697
2697	3	1048700
2698	2	1048702
2699	3	1048705
2700	1	1048706
2701	3	1048709
2702	2	1048711
2703	1	1048712
2704	5	1048717
2706	1	1048718
2708	1	1048719
2709	1	1048720
2710	3	1048723
2711	1	1048724
2712	2	1048726
2713	1	1048727
2714	2	1048729
2716	1	1048730
2717	3	1048733
2718	1	1048734
2719	2	1048736
2720	2	1048738
2721	5	1048743
2722	1	1048744
2723	2	1048746
2724	1	1048747
2725	1	1048748
2726	2	1048750
2727	2	1048752
2728	3	1048755
2729	1	1048756
2730	1	1048757
2731	2	1048759
2732	1	1048760
2734	3	1048763
2735	2	1048765
2736	2	1048767
2737	3	1048770
2739	1	1048771
2740	6	1048777
2741	2	1048779
2742	2	1048781
2743	2	1048783
2744	4	1048787
2746	2	1048789
2747	2	1048791
2748	1	1048792
2749	1	1048793
2751	4	1048797
2752	1	1048798
2753	2	1048800
2754	1	1048801
2755	1	1048802
2756	1	1048803
2757	4	1048807
2759	1	1048808
2760	1	1048809
2761	2	1048811
2762	2	1048813
2763	2	1048815
2764	2	1048817
2765	2	1048819
2766	4	1048823
2769	1	1048824
2772	1	1048825
2773	2	1048827
2777	4	1048831
2778	1	1048832
2779	2	1048834
2781	1	1048835
2782	1	1048836
2783	2	1048838
2784	3	1048841
2786	1	1048842
2787	2	1048844
2788	1	1048845
2789	3	1048848
2791	2	1048850
2792	2	1048852
2793	1	1048853
2794	2	1048855
2795	1	1048856
2796	1	1048857
2797	3	1048860
2798	3	1048863
2799	1	1048864
2800	3	1048867
2801	3	1048870
2803	4	1048874
2805	1	1048875
2806	2	1048877
2807	1	1048878
2808	1	1048879
2810	1	1048880
2811	1	1048881
2812	3	1048884
2813	3	1048887
2814	3	1048890
2815	1	1048891
2816	1	1048892
2817	3	1048895
2818	2	1048897
2819	2	1048899
2820	3	1048902
2821	1	1048903
2822	1	1048904
2823	2	1048906
2825	2	1048908
2826	1	1048909
2827	4	1048913
2828	2	1048915
2830	3	1048918
2831	1	1048919
2832	1	1048920
2833	2	1048922
2834	2	1048924
2835	2	1048926
2836	2	1048928
2837	2	1048930
2838	1	1048931
2839	1	1048932
2841	2	1048934
2842	2	1048936
2846	1	1048937
2847	1	1048938
2849	1	1048939
2850	3	1048942
2851	1	1048943
2852	1	1048944
2853	2	1048946
2854	4	1048950
2855	3	1048953
2856	1	1048954
2857	1	1048955
2862	2	1048957
2864	2	1048959
2865	1	1048960
2866	4	1048964
2867	1	1048965
2868	5	1048970
2869	2	1048972
2870	2	1048974
2871	2	1048976
2872	2	1048978
2873	2	1048980
2875	1	1048981
2876	3	1048984
2877	3	1048987
2881	3	1048990
2882	2	1048992
2883	2	1048994
2884	1	1048995
2885	2	1048997
2886	2	1048999
2887	1	1049000
2888	1	1049001
2889	2	1049003
2891	1	1049004
2892	1	1049005
2895	1	1049006
2896	1	1049007
2897	1	1049008
2898	2	1049010
2899	1	1049011
2901	1	1049012
2903	3	1049015
2904	2	1049017
2905	1	1049018
2906	3	1049021
2907	1	1049022
2908	2	1049024
2909	2	1049026
2910	1	1049027
2911	1	1049028
2912	1	1049029
2914	1	1049030
2915	1	1049031
2917	1	1049032
2919	2	1049034
2920	5	1049039
2921	2	1049041
2922	1	1049042
2923	2	1049044
2924	4	1049048
2927	2	1049050
2928	2	1049052
2929	1	1049053
2931	1	1049054
2932	1	1049055
2934	2	1049057
2936	1	1049058
2937	2	1049060
2938	4	1049064
2939	1	1049065
2942	1	1049066
2944	3	1049069
2945	1	1049070
2946	1	1049071
2948	1	1049072
2949	1	1049073
2950	2	1049075
2951	2	1049077
2952	1	1049078
2953	2	1049080
2956	1	1049081
2957	2	1049083
2958	5	1049088
2959	3	1049091
2960	3	1049094
2961	1	1049095
2962	2	1049097
2963	1	1049098
2964	3	1049101
2965	2	1049103
2966	1	1049104
2967	4	1049108
2968	3	1049111
2969	1	1049112
2970	1	1049113
2971	1	1049114
2973	2	1049116
2977	3	1049119
2978	2	1049121
2979	3	1049124
2980	3	1049127
2981	1	1049128
2982	2	1049130
2983	3	1049133
2984	1	1049134
2985	1	1049135
2987	1	1049136
2988	2	1049138
2989	2	1049140
2990	1	1049141
2991	3	1049144
2992	2	1049146
2993	1	1049147
2994	1	1049148
2995	1	1049149
2996	2	1049151
2997	2	1049153
2998	2	1049155
2999	1	1049156
3000	1	1049157
3002	1	1049158
3003	1	1049159
3004	4	1049163
3006	2	1049165
3008	2	1049167
3009	1	1049168
3010	4	1049172
3014	1	1049173
3015	1	1049174
3017	2	1049176
3018	3	1049179
3019	2	1049181
3020	1	1049182
3021	2	1049184
3022	1	1049185
3023	2	1049187
3025	1	1049188
3027	2	1049190
3028	2	1049192
3029	2	1049194
3030	1	1049195
3038	1	1049196
3041	1	1049197
3043	2	1049199
3044	2	1049201
3046	1	1049202
3047	2	1049204
3048	1	1049205
3049	1	1049206
3050	1	1049207
3051	2	1049209
3054	4	1049213
3055	1	1049214
3058	2	1049216
3059	1	1049217
3060	1	1049218
3061	1	1049219
3064	1	1049220
3066	1	1049221
3067	2	1049223
3069	1	1049224
3070	4	1049228
3071	1	1049229
3072	3	1049232
3073	5	1049237
3074	1	1049238
3075	1	1049239
3076	1	1049240
3077	1	1049241
3078	1	1049242
3080	2	1049244
3081	2	1049246
3082	3	1049249
3083	2	1049251
3084	1	1049252
3086	1	1049253
3087	1	1049254
3090	2	1049256
3091	2	1049258
3093	3	1049261
3094	1	1049262
3095	2	1049264
3096	1	1049265
3097	1	1049266
3098	1	1049267
3099	2	1049269
3102	2	1049271
3103	1	1049272
3108	2	1049274
3109	1	1049275
3110	2	1049277
3111	2	1049279
3112	1	1049280
3113	1	1049281
3114	3	1049284
3118	2	1049286
3120	1	1049287
3121	1	1049288
3122	2	1049290
3124	1	1049291
3126	5	1049296
3127	1	1049297
3128	2	1049299
3131	3	1049302
3133	2	1049304
3134	4	1049308
3135	1	1049309
3136	3	1049312
3137	1	1049313
3138	2	1049315
3139	3	1049318
3141	3	1049321
3142	1	1049322
3143	2	1049324
3145	1	1049325
3147	2	1049327
3148	3	1049330
3151	1	1049331
3153	3	1049334
3154	1	1049335
3155	3	1049338
3156	2	1049340
3157	3	1049343
3158	1	1049344
3160	1	1049345
3162	1	1049346
3163	1	1049347
3165	1	1049348
3166	1	1049349
3167	1	1049350
3168	1	1049351
3169	2	1049353
3171	1	1049354
3174	1	1049355
3175	4	1049359
3177	1	1049360
3179	1	1049361
3182	1	1049362
3184	1	1049363
3186	3	1049366
3188	3	1049369
3190	1	1049370
3191	1	1049371
3192	1	1049372
3193	1	1049373
3194	1	1049374
3196	1	1049375
3199	2	1049377
3201	2	1049379
3203	1	1049380
3204	2	1049382
3205	2	1049384
3206	1	1049385
3207	1	1049386
3208	3	1049389
3209	1	1049390
3210	4	1049394
3211	1	1049395
3214	1	1049396
3215	1	1049397
3217	1	1049398
3218	2	1049400
3219	1	1049401
3220	1	1049402
3221	1	1049403
3224	1	1049404
3225	1	1049405
3226	2	1049407
3227	1	1049408
3230	1	1049409
3231	2	1049411
3232	1	1049412
3233	2	1049414
3234	2	1049416
3235	1	1049417
3236	2	1049419
3237	2	1049421
3238	3	1049424
3242	2	1049426
3244	1	1049427
3245	3	1049430
3246	1	1049431
3248	1	1049432
3249	2	1049434
3250	1	1049435
3251	2	1049437
3252	1	1049438
3253	2	1049440
3254	1	1049441
3255	2	1049443
3256	1	1049444
3258	1	1049445
3260	2	1049447
3264	2	1049449
3265	1	1049450
3266	3	1049453
3267	4	1049457
3268	1	1049458
3270	2	1049460
3272	1	1049461
3273	1	1049462
3274	3	1049465
3276	1	1049466
3278	2	1049468
3281	1	1049469
3283	3	1049472
3284	1	1049473
3286	3	1049476
3288	1	1049477
3289	1	1049478
3290	2	1049480
3291	1	1049481
3292	1	1049482
3293	1	1049483
3294	1	1049484
3295	1	1049485
3296	1	1049486
3298	1	1049487
3299	1	1049488
3301	1	1049489
3302	1	1049490
3303	1	1049491
3304	1	1049492
3307	2	1049494
3310	2	1049496
3313	2	1049498
3314	2	1049500
3315	2	1049502
3316	4	1049506
3317	2	1049508
3318	1	1049509
3319	2	1049511
3320	1	1049512
3321	1	1049513
3322	1	1049514
3325	1	1049515
3328	2	1049517
3329	1	1049518
3331	1	1049519
3332	2	1049521
3333	2	1049523
3334	2	1049525
3336	1	1049526
3337	2	1049528
3338	1	1049529
3339	1	1049530
3340	2	1049532
3342	3	1049535
3343	1	1049536
3344	2	1049538
3345	1	1049539
3348	1	1049540
3349	2	1049542
3352	1	1049543
3353	1	1049544
3355	1	1049545
3357	2	1049547
3358	3	1049550
3360	2	1049552
3361	2	1049554
3364	3	1049557
3366	2	1049559
3367	1	1049560
3368	1	1049561
3369	2	1049563
3371	1	1049564
3372	3	1049567
3373	1	1049568
3374	2	1049570
3376	1	1049571
3377	3	1049574
3378	1	1049575
3379	2	1049577
3380	2	1049579
3381	1	1049580
3382	1	1049581
3385	1	1049582
3387	1	1049583
3389	1	1049584
3391	1	1049585
3392	1	1049586
3393	1	1049587
3395	1	1049588
3397	2	1049590
3399	1	1049591
3402	1	1049592
3403	1	1049593
3404	1	1049594
3407	2	1049596
3408	1	1049597
3409	1	1049598
3410	2	1049600
3411	1	1049601
3412	1	1049602
3415	1	1049603
3416	2	1049605
3419	1	1049606
3421	2	1049608
3426	1	1049609
3427	1	1049610
3428	2	1049612
3431	1	1049613
3432	1	1049614
3433	2	1049616
3434	1	1049617
3435	1	1049618
3436	1	1049619
3438	1	1049620
3439	1	1049621
3440	1	1049622
3442	2	1049624
3443	2	1049626
3444	1	1049627
3445	1	1049628
3447	3	1049631
3450	1	1049632
3453	1	1049633
3455	1	1049634
3457	1	1049635
3461	2	1049637
3462	1	1049638
3463	1	1049639
3464	1	1049640
3465	2	1049642
3466	1	1049643
3467	1	1049644
3468	1	1049645
3471	1	1049646
3476	4	1049650
3477	1	1049651
3481	2	1049653
3482	1	1049654
3484	3	1049657
3485	3	1049660
3486	1	1049661
3487	1	1049662
3488	2	1049664
3489	2	1049666
3491	2	1049668
3492	1	1049669
3493	1	1049670
3497	2	1049672
3498	1	1049673
3500	1	1049674
3501	1	1049675
3503	3	1049678
3504	1	1049679
3505	2	1049681
3506	1	1049682
3507	1	1049683
3510	3	1049686
3511	1	1049687
3513	1	1049688
3514	1	1049689
3515	1	1049690
3517	1	1049691
3518	2	1049693
3520	1	1049694
3522	1	1049695
3525	2	1049697
3526	1	1049698
3529	1	1049699
3530	1	1049700
3531	3	1049703
3533	3	1049706
3534	2	1049708
3535	1	1049709
3536	4	1049713
3538	1	1049714
3540	1	1049715
3541	1	1049716
3542	1	1049717
3544	2	1049719
3547	2	1049721
3549	1	1049722
3550	1	1049723
3551	1	1049724
3552	1	1049725
3554	1	1049726
3555	1	1049727
3556	1	1049728
3557	2	1049730
3562	1	1049731
3563	1	1049732
3564	1	1049733
3567	1	1049734
3573	2	1049736
3575	1	1049737
3576	1	1049738
3578	1	1049739
3579	2	1049741
3580	1	1049742
3582	2	1049744
3584	1	1049745
3586	1	1049746
3587	1	1049747
3591	2	1049749
3592	2	1049751
3593	1	1049752
3594	1	1049753
3595	3	1049756
3596	1	1049757
3597	1	1049758
3599	1	1049759
3600	1	1049760
3602	1	1049761
3603	1	1049762
3605	2	1049764
3606	1	1049765
3607	3	1049768
3609	2	1049770
3612	1	1049771
3614	4	1049775
3621	1	1049776
3622	1	1049777
3624	3	1049780
3625	2	1049782
3630	2	1049784
3635	1	1049785
3636	1	1049786
3639	1	1049787
3641	1	1049788
3642	1	1049789
3646	2	1049791
3648	2	1049793
3649	1	1049794
3650	2	1049796
3652	1	1049797
3656	1	1049798
3659	1	1049799
3660	1	1049800
3662	2	1049802
3664	2	1049804
3665	1	1049805
3666	1	1049806
3670	1	1049807
3675	2	1049809
3679	2	1049811
3682	1	1049812
3683	1	1049813
3684	1	1049814
3687	1	1049815
3688	1	1049816
3690	1	1049817
3692	1	1049818
3694	1	1049819
3695	2	1049821
3696	1	1049822
3697	2	1049824
3698	1	1049825
3699	1	1049826
3700	1	1049827
3701	2	1049829
3703	1	1049830
3704	1	1049831
3708	1	1049832
3709	2	1049834
3711	1	1049835
3712	1	1049836
3713	1	1049837
3714	3	1049840
3716	1	1049841
3719	1	1049842
3720	2	1049844
3722	3	1049847
3724	1	1049848
3725	1	1049849
3727	1	1049850
3729	2	1049852
3730	1	1049853
3731	1	1049854
3732	2	1049856
3733	1	1049857
3734	1	1049858
3735	2	1049860
3737	2	1049862
3738	2	1049864
3739	1	1049865
3740	2	1049867
3741	1	1049868
3744	1	1049869
3745	1	1049870
3748	1	1049871
3749	1	1049872
3751	3	1049875
3753	3	1049878
3755	1	1049879
3759	3	1049882
3760	1	1049883
3761	1	1049884
3762	1	1049885
3764	1	1049886
3768	1	1049887
3769	2	1049889
3774	1	1049890
3775	1	1049891
3776	1	1049892
3785	1	1049893
3786	1	1049894
3789	1	1049895
3790	1	1049896
3791	1	1049897
3792	1	1049898
3793	1	1049899
3794	1	1049900
3797	1	1049901
3801	2	1049903
3803	1	1049904
3804	1	1049905
3806	1	1049906
3807	1	1049907
3808	1	1049908
3809	1	1049909
3810	2	1049911
3811	1	1049912
3812	1	1049913
3813	1	1049914
3816	1	1049915
3818	2	1049917
3819	1	1049918
3820	1	1049919
3821	1	1049920
3822	4	1049924
3827	1	1049925
3828	1	1049926
3831	1	1049927
3832	2	1049929
3834	1	1049930
3836	1	1049931
3837	1	1049932
3841	1	1049933
3842	1	1049934
3843	2	1049936
3845	1	1049937
3846	1	1049938
3847	1	1049939
3848	1	1049940
3849	1	1049941
3851	3	1049944
3853	2	1049946
3854	1	1049947
3856	2	1049949
3858	1	1049950
3860	1	1049951
3865	2	1049953
3866	2	1049955
3867	2	1049957
3868	3	1049960
3870	2	1049962
3874	1	1049963
3875	2	1049965
3876	1	1049966
3877	2	1049968
3881	1	1049969
3887	1	1049970
3889	1	1049971
3890	1	1049972
3891	1	1049973
3894	2	1049975
3895	1	1049976
3897	3	1049979
3898	1	1049980
3899	1	1049981
3900	1	1049982
3902	1	1049983
3903	3	1049986
3904	1	1049987
3908	1	1049988
3909	1	1049989
3910	1	1049990
3913	1	1049991
3916	1	1049992
3917	1	1049993
3925	2	1049995
3926	2	1049997
3927	1	1049998
3930	1	1049999
3931	1	1050000
3932	1	1050001
3936	1	1050002
3937	1	1050003
3939	1	1050004
3941	1	1050005
3943	3	1050008
3944	1	1050009
3947	1	1050010
3948	1	1050011
3950	1	1050012
3951	2	1050014
3954	3	1050017
3955	1	1050018
3956	1	1050019
3957	1	1050020
3958	2	1050022
3959	1	1050023
3960	1	1050024
3963	1	1050025
3964	2	1050027
3965	1	1050028
3967	2	1050030
3968	2	1050032
3971	1	1050033
3972	2	1050035
3980	1	1050036
3981	1	1050037
3986	2	1050039
3991	1	1050040
3993	1	1050041
3994	1	1050042
3996	1	1050043
3997	1	1050044
4000	2	1050046
4001	1	1050047
4002	1	1050048
4004	1	1050049
4005	3	1050052
4007	1	1050053
4015	3	1050056
4017	1	1050057
4018	1	1050058
4021	1	1050059
4022	1	1050060
4024	2	1050062
4025	1	1050063
4026	2	1050065
4027	3	1050068
4031	1	1050069
4032	1	1050070
4033	1	1050071
4035	1	1050072
4036	1	1050073
4039	1	1050074
4040	1	1050075
4041	1	1050076
4042	1	1050077
4047	1	1050078
4048	1	1050079
4050	1	1050080
4054	1	1050081
4055	1	1050082
4059	1	1050083
4060	1	1050084
4063	1	1050085
4065	1	1050086
4066	2	1050088
4067	1	1050089
4070	1	1050090
4071	1	1050091
4074	2	1050093
4075	1	1050094
4076	1	1050095
4077	1	1050096
4082	4	1050100
4083	1	1050101
4085	1	1050102
4090	1	1050103
4091	1	1050104
4095	2	1050106
4096	2	1050108
4097	1	1050109
4099	2	1050111
4101	1	1050112
4102	1	1050113
4104	1	1050114
4105	1	1050115
4108	1	1050116
4110	1	1050117
4112	1	1050118
4113	2	1050120
4114	1	1050121
4119	1	1050122
4121	2	1050124
4123	1	1050125
4127	1	1050126
4128	1	1050127
4129	1	1050128
4136	1	1050129
4139	1	1050130
4140	1	1050131
4142	1	1050132
4146	1	1050133
4147	1	1050134
4148	1	1050135
4149	1	1050136
4150	2	1050138
4152	1	1050139
4157	2	1050141
4158	1	1050142
4163	1	1050143
4172	1	1050144
4173	1	1050145
4175	1	1050146
4177	1	1050147
4178	1	1050148
4184	1	1050149
4186	1	1050150
4188	1	1050151
4189	1	1050152
4190	1	1050153
4191	3	1050156
4192	2	1050158
4197	2	1050160
4198	1	1050161
4204	1	1050162
4205	2	1050164
4208	1	1050165
4209	2	1050167
4210	1	1050168
4212	1	1050169
4213	1	1050170
4214	1	1050171
4219	1	1050172
4221	2	1050174
4224	2	1050176
4227	2	1050178
4229	1	1050179
4232	1	1050180
4234	1	1050181
4235	1	1050182
4237	1	1050183
4239	2	1050185
4240	1	1050186
4243	3	1050189
4245	1	1050190
4249	1	1050191
4250	1	1050192
4252	1	1050193
4254	1	1050194
4256	1	1050195
4259	1	1050196
4260	1	1050197
4270	2	1050199
4271	1	1050200
4272	1	1050201
4274	1	1050202
4280	2	1050204
4284	1	1050205
4287	2	1050207
4289	1	1050208
4290	1	1050209
4291	2	1050211
4293	2	1050213
4295	1	1050214
4299	1	1050215
4301	1	1050216
4303	1	1050217
4304	1	1050218
4305	1	1050219
4307	1	1050220
4309	1	1050221
4313	1	1050222
4314	1	1050223
4316	1	1050224
4317	1	1050225
4319	1	1050226
4320	1	1050227
4329	2	1050229
4330	4	1050233
4331	1	1050234
4335	2	1050236
4337	1	1050237
4339	2	1050239
4340	1	1050240
4345	1	1050241
4346	1	1050242
4351	1	1050243
4359	1	1050244
4360	1	1050245
4363	1	1050246
4365	2	1050248
4368	1	1050249
4376	1	1050250
4381	3	1050253
4384	1	1050254
4385	1	1050255
4386	1	1050256
4389	1	1050257
4390	1	1050258
4391	1	1050259
4393	1	1050260
4394	1	1050261
4398	1	1050262
4399	1	1050263
4405	1	1050264
4407	1	1050265
4408	1	1050266
4411	1	1050267
4413	1	1050268
4414	1	1050269
4419	1	1050270
4423	2	1050272
4424	1	1050273
4425	1	1050274
4427	2	1050276
4428	2	1050278
4431	3	1050281
4432	1	1050282
4434	1	1050283
4435	3	1050286
4437	1	1050287
4438	1	1050288
4440	1	1050289
4445	1	1050290
4446	2	1050292
4451	1	1050293
4452	1	1050294
4454	1	1050295
4456	1	1050296
4457	1	1050297
4463	1	1050298
4464	1	1050299
4466	1	1050300
4467	2	1050302
4469	1	1050303
4471	1	1050304
4472	1	1050305
4477	1	1050306
4479	1	1050307
4481	1	1050308
4482	1	1050309
4483	1	1050310
4484	1	1050311
4489	1	1050312
4491	3	1050315
4504	1	1050316
4507	1	1050317
4516	1	1050318
4519	2	1050320
4520	1	1050321
4521	1	1050322
4526	1	1050323
4530	2	1050325
4540	1	1050326
4542	1	1050327
4546	1	1050328
4547	1	1050329
4549	1	1050330
4551	1	1050331
4554	1	1050332
4555	1	1050333
4557	1	1050334
4560	1	1050335
4561	1	1050336
4565	2	1050338
4568	1	1050339
4569	1	1050340
4570	2	1050342
4571	1	1050343
4572	1	1050344
4576	3	1050347
4581	2	1050349
4583	1	1050350
4584	1	1050351
4586	2	1050353
4587	1	1050354
4590	2	1050356
4592	1	1050357
4593	1	1050358
4595	2	1050360
4599	1	1050361
4600	1	1050362
4601	2	1050364
4602	1	1050365
4605	1	1050366
4606	1	1050367
4608	1	1050368
4609	1	1050369
4613	1	1050370
4614	1	1050371
4618	1	1050372
4621	1	1050373
4624	2	1050375
4628	1	1050376
4631	1	1050377
4635	1	1050378
4638	1	1050379
4640	1	1050380
4645	1	1050381
4646	1	1050382
4648	1	1050383
4651	1	1050384
4654	1	1050385
4656	1	1050386
4660	2	1050388
4665	1	1050389
4667	2	1050391
4671	1	1050392
4674	1	1050393
4675	1	1050394
4676	2	1050396
4677	1	1050397
4686	1	1050398
4687	1	1050399
4689	1	1050400
4694	1	1050401
4697	1	1050402
4699	2	1050404
4704	1	1050405
4706	1	1050406
4708	1	1050407
4710	1	1050408
4715	1	1050409
4717	2	1050411
4722	1	1050412
4726	1	1050413
4727	1	1050414
4731	1	1050415
4733	1	1050416
4734	2	1050418
4736	2	1050420
4740	2	1050422
4741	2	1050424
4750	1	1050425
4756	1	1050426
4757	1	1050427
4758	1	1050428
4760	1	1050429
4762	1	1050430
4766	2	1050432
4767	1	1050433
4771	1	1050434
4781	1	1050435
4786	1	1050436
4789	1	1050437
4790	1	1050438
4799	1	1050439
4804	1	1050440
4812	1	1050441
4821	1	1050442
4824	2	1050444
4828	1	1050445
4833	1	1050446
4836	2	1050448
4841	1	1050449
4842	1	1050450
4843	2	1050452
4846	1	1050453
4850	1	1050454
4854	1	1050455
4857	1	1050456
4858	2	1050458
4859	1	1050459
4860	1	1050460
4861	1	1050461
4862	1	1050462
4869	2	1050464
4874	1	1050465
4875	1	1050466
4876	1	1050467
4878	1	1050468
4880	1	1050469
4893	1	1050470
4896	1	1050471
4899	1	1050472
4908	2	1050474
4909	1	1050475
4911	1	1050476
4914	1	1050477
4919	1	1050478
4921	1	1050479
4924	1	1050480
4927	1	1050481
4930	1	1050482
4938	1	1050483
4940	1	1050484
4950	2	1050486
4957	1	1050487
4958	1	1050488
4973	1	1050489
4974	1	1050490
4978	3	1050493
4980	1	1050494
4981	1	1050495
4983	1	1050496
4984	2	1050498
4986	1	1050499
4988	1	1050500
4990	1	1050501
5004	1	1050502
5008	1	1050503
5013	1	1050504
5015	1	1050505
5016	2	1050507
5026	1	1050508
5027	2	1050510
5028	1	1050511
5036	1	1050512
5037	1	1050513
5041	1	1050514
5042	2	1050516
5049	1	1050517
5051	2	1050519
5054	1	1050520
5064	1	1050521
5069	1	1050522
5070	2	1050524
5078	1	1050525
5083	1	1050526
5086	1	1050527
5093	1	1050528
5094	1	1050529
5105	1	1050530
5106	1	1050531
5107	1	1050532
5111	1	1050533
5119	1	1050534
5122	1	1050535
5123	1	1050536
5125	2	1050538
5127	1	1050539
5128	1	1050540
5132	1	1050541
5134	2	1050543
5136	1	1050544
5142	1	1050545
5145	2	1050547
5147	1	1050548
5149	1	1050549
5151	1	1050550
5152	1	1050551
5153	1	1050552
5157	1	1050553
5158	1	1050554
5161	1	1050555
5163	1	1050556
5164	1	1050557
5166	1	1050558
5172	1	1050559
5173	1	1050560
5174	1	1050561
5175	1	1050562
5191	1	1050563
5195	2	1050565
5197	1	1050566
5198	1	1050567
5201	1	1050568
5204	1	1050569
5207	1	1050570
5210	1	1050571
5214	1	1050572
5216	1	1050573
5217	1	1050574
5220	2	1050576
5223	1	1050577
5225	1	1050578
5227	1	1050579
5230	1	1050580
5231	1	1050581
5232	1	1050582
5235	1	1050583
5238	2	1050585
5240	1	1050586
5249	2	1050588
5254	1	1050589
5256	1	1050590
5258	1	1050591
5260	1	1050592
5261	1	1050593
5268	1	1050594
5269	1	1050595
5270	1	1050596
5289	1	1050597
5291	1	1050598
5294	1	1050599
5295	1	1050600
5301	1	1050601
5303	1	1050602
5315	1	1050603
5316	1	1050604
5332	1	1050605
5335	2	1050607
5337	1	1050608
5347	2	1050610
5348	1	1050611
5353	1	1050612
5354	3	1050615
5358	1	1050616
5359	1	1050617
5360	2	1050619
5363	1	1050620
5364	1	1050621
5366	2	1050623
5374	1	1050624
5375	1	1050625
5386	1	1050626
5389	1	1050627
5392	1	1050628
5395	1	1050629
5399	1	1050630
5402	1	1050631
5403	1	1050632
5407	1	1050633
5414	1	1050634
5416	1	1050635
5420	1	1050636
5425	1	1050637
5433	1	1050638
5436	1	1050639
5440	1	1050640
5443	1	1050641
5445	2	1050643
5453	1	1050644
5454	1	1050645
5455	1	1050646
5460	2	1050648
5466	1	1050649
5470	1	1050650
5471	1	1050651
5479	1	1050652
5487	1	1050653
5492	1	1050654
5499	1	1050655
5502	1	1050656
5504	1	1050657
5506	1	1050658
5508	2	1050660
5509	1	1050661
5517	1	1050662
5519	1	1050663
5525	1	1050664
5530	1	1050665
5532	1	1050666
5537	1	1050667
5539	1	1050668
5544	1	1050669
5546	1	1050670
5547	1	1050671
5549	1	1050672
5552	1	1050673
5553	2	1050675
5564	2	1050677
5567	1	1050678
5569	1	1050679
5577	1	1050680
5584	1	1050681
5588	1	1050682
5592	1	1050683
5597	1	1050684
5599	1	1050685
5600	1	1050686
5606	1	1050687
5611	2	1050689
5628	1	1050690
5631	2	1050692
5636	1	1050693
5644	1	1050694
5654	1	1050695
5656	1	1050696
5665	1	1050697
5668	1	1050698
5670	1	1050699
5671	1	1050700
5674	1	1050701
5684	1	1050702
5688	1	1050703
5691	1	1050704
5693	1	1050705
5695	1	1050706
5708	1	1050707
5709	1	1050708
5710	1	1050709
5718	2	1050711
5722	1	1050712
5727	1	1050713
5728	1	1050714
5731	1	1050715
5748	1	1050716
5749	1	1050717
5759	1	1050718
5764	2	1050720
5765	1	1050721
5772	2	1050723
5773	1	1050724
5777	1	1050725
5780	2	1050727
5783	1	1050728
5784	1	1050729
5786	1	1050730
5789	1	1050731
5791	1	1050732
5792	1	1050733
5795	1	1050734
5801	1	1050735
5803	1	1050736
5809	1	1050737
5816	3	1050740
5823	1	1050741
5826	1	1050742
5830	1	1050743
5838	1	1050744
5839	1	1050745
5840	1	1050746
5842	1	1050747
5849	1	1050748
5854	1	1050749
5861	1	1050750
5864	1	1050751
5866	1	1050752
5869	1	1050753
5870	1	1050754
5882	1	1050755
5885	1	1050756
5891	1	1050757
5893	3	1050760
5895	1	1050761
5900	1	1050762
5901	1	1050763
5904	1	1050764
5907	1	1050765
5912	1	1050766
5915	2	1050768
5919	1	1050769
5920	1	1050770
5923	2	1050772
5927	2	1050774
5929	1	1050775
5939	1	1050776
5952	1	1050777
5953	1	1050778
5960	1	1050779
5961	1	1050780
5963	1	1050781
5968	1	1050782
5971	1	1050783
5972	1	1050784
5985	1	1050785
5986	1	1050786
5987	1	1050787
5998	1	1050788
6003	1	1050789
6007	1	1050790
6011	1	1050791
6014	1	1050792
6020	1	1050793
6027	1	1050794
6044	1	1050795
6048	1	1050796
6051	2	1050798
6052	1	1050799
6056	1	1050800
6063	1	1050801
6066	1	1050802
6067	1	1050803
6072	1	1050804
6084	1	1050805
6086	2	1050807
6087	1	1050808
6089	1	1050809
6095	1	1050810
6104	1	1050811
6105	1	1050812
6108	1	1050813
6109	1	1050814
6115	2	1050816
6116	1	1050817
6120	1	1050818
6126	1	1050819
6132	1	1050820
6135	1	1050821
6136	1	1050822
6139	1	1050823
6143	1	1050824
6148	2	1050826
6150	1	1050827
6154	1	1050828
6160	1	1050829
6162	1	1050830
6164	1	1050831
6169	1	1050832
6178	1	1050833
6183	2	1050835
6192	1	1050836
6193	1	1050837
6195	1	1050838
6200	1	1050839
6203	2	1050841
6205	1	1050842
6220	1	1050843
6221	1	1050844
6227	1	1050845
6228	1	1050846
6237	1	1050847
6245	1	1050848
6247	1	1050849
6249	1	1050850
6253	1	1050851
6258	1	1050852
6260	1	1050853
6267	2	1050855
6272	1	1050856
6276	1	1050857
6284	1	1050858
6304	1	1050859
6309	1	1050860
6329	1	1050861
6332	2	1050863
6336	1	1050864
6339	1	1050865
6341	1	1050866
6348	1	1050867
6355	1	1050868
6376	1	1050869
6378	1	1050870
6382	2	1050872
6384	1	1050873
6385	1	1050874
6395	1	1050875
6398	1	1050876
6406	1	1050877
6426	2	1050879
6430	2	1050881
6434	1	1050882
6437	1	1050883
6441	1	1050884
6443	1	1050885
6444	1	1050886
6450	2	1050888
6452	1	1050889
6455	1	1050890
6461	1	1050891
6474	2	1050893
6475	1	1050894
6481	1	1050895
6483	1	1050896
6492	1	1050897
6498	1	1050898
6501	1	1050899
6503	1	1050900
6504	1	1050901
6508	1	1050902
6509	1	1050903
6510	1	1050904
6525	1	1050905
6529	1	1050906
6531	1	1050907
6532	1	1050908
6533	1	1050909
6537	1	1050910
6543	1	1050911
6546	1	1050912
6557	1	1050913
6577	1	1050914
6588	1	1050915
6595	1	1050916
6605	1	1050917
6607	1	1050918
6613	1	1050919
6624	1	1050920
6625	1	1050921
6627	1	1050922
6629	1	1050923
6631	1	1050924
6653	1	1050925
6674	1	1050926
6678	1	1050927
6722	1	1050928
6724	1	1050929
6729	1	1050930
6730	1	1050931
6734	1	1050932
6736	1	1050933
6743	1	1050934
6746	1	1050935
6751	1	1050936
6756	1	1050937
6757	1	1050938
6763	1	1050939
6771	1	1050940
6776	1	1050941
6792	1	1050942
6793	1	1050943
6802	1	1050944
6810	1	1050945
6838	1	1050946
6840	1	1050947
6846	1	1050948
6849	1	1050949
6852	2	1050951
6853	1	1050952
6854	1	1050953
6855	1	1050954
6864	1	1050955
6886	1	1050956
6892	1	1050957
6894	1	1050958
6901	1	1050959
6908	2	1050961
6919	1	1050962
6933	1	1050963
6942	1	1050964
6943	1	1050965
6944	1	1050966
6949	1	1050967
6961	1	1050968
6964	1	1050969
6973	1	1050970
6983	1	1050971
6988	1	1050972
6994	1	1050973
6996	1	1050974
6997	1	1050975
7007	1	1050976
7008	1	1050977
7013	2	1050979
7016	1	1050980
7019	1	1050981
7020	1	1050982
7025	1	1050983
7028	1	1050984
7036	1	1050985
7044	2	1050987
7054	1	1050988
7060	1	1050989
7069	1	1050990
7071	1	1050991
7075	1	1050992
7079	1	1050993
7084	1	1050994
7087	1	1050995
7090	1	1050996
7094	1	1050997
7098	1	1050998
7102	1	1050999
7116	1	1051000
7121	1	1051001
7133	1	1051002
7149	1	1051003
7154	1	1051004
7157	1	1051005
7160	1	1051006
7177	2	1051008
7179	1	1051009
7186	1	1051010
7187	1	1051011
7188	1	1051012
7192	1	1051013
7230	1	1051014
7253	1	1051015
7256	1	1051016
7257	1	1051017
7264	1	1051018
7265	1	1051019
7278	1	1051020
7285	1	1051021
7289	1	1051022
7293	1	1051023
7301	1	1051024
7302	1	1051025
7315	2	1051027
7318	1	1051028
7325	1	1051029
7333	2	1051031
7336	1	1051032
7339	1	1051033
7349	1	1051034
7360	1	1051035
7366	1	1051036
7372	1	1051037
7374	1	1051038
7375	1	1051039
7382	1	1051040
7387	1	1051041
7396	1	1051042
7398	1	1051043
7410	1	1051044
7426	1	1051045
7430	2	1051047
7436	1	1051048
7448	1	1051049
7449	1	1051050
7456	1	1051051
7482	1	1051052
7488	1	1051053
7503	2	1051055
7508	1	1051056
7517	1	1051057
7521	1	1051058
7527	1	1051059
7535	1	1051060
7539	1	1051061
7540	1	1051062
7544	2	1051064
7548	1	1051065
7565	1	1051066
7579	1	1051067
7599	1	1051068
7601	1	1051069
7616	1	1051070
7622	1	1051071
7623	1	1051072
7627	1	1051073
7631	1	1051074
7635	1	1051075
7643	1	1051076
7650	1	1051077
7656	1	1051078
7674	2	1051080
7697	1	1051081
7714	1	1051082
7718	1	1051083
7719	1	1051084
7720	1	1051085
7729	1	1051086
7732	1	1051087
7734	1	1051088
7750	1	1051089
7753	1	1051090
7763	1	1051091
7775	1	1051092
7778	2	1051094
7791	1	1051095
7794	1	1051096
7832	1	1051097
7833	1	1051098
7847	1	1051099
7849	1	1051100
7858	1	1051101
7875	2	1051103
7880	1	1051104
7895	1	1051105
7900	1	1051106
7908	1	1051107
7909	1	1051108
7910	1	1051109
7913	1	1051110
7914	2	1051112
7922	1	1051113
7923	1	1051114
7930	1	1051115
7956	1	1051116
7978	1	1051117
7991	1	1051118
8004	1	1051119
8005	2	1051121
8017	1	1051122
8021	1	1051123
8025	1	1051124
8048	1	1051125
8050	1	1051126
8064	1	1051127
8088	1	1051128
8093	1	1051129
8095	1	1051130
8115	1	1051131
8116	1	1051132
8117	1	1051133
8126	1	1051134
8132	1	1051135
8134	1	1051136
8147	1	1051137
8155	1	1051138
8161	1	1051139
8169	1	1051140
8173	1	1051141
8180	2	1051143
8199	1	1051144
8215	1	1051145
8219	1	1051146
8231	1	1051147
8234	1	1051148
8267	1	1051149
8270	1	1051150
8274	1	1051151
8287	1	1051152
8319	1	1051153
8327	1	1051154
8337	1	1051155
8353	1	1051156
8365	1	1051157
8372	1	1051158
8381	1	1051159
8383	1	1051160
8389	1	1051161
8393	1	1051162
8399	1	1051163
8409	1	1051164
8435	1	1051165
8436	1	1051166
8442	1	1051167
8451	1	1051168
8469	1	1051169
8471	1	1051170
8506	1	1051171
8507	2	1051173
8524	1	1051174
8531	1	1051175
8547	1	1051176
8548	1	1051177
8552	1	1051178
8553	1	1051179
8600	1	1051180
8601	1	1051181
8625	1	1051182
8653	1	1051183
8654	1	1051184
8684	1	1051185
8697	1	1051186
8732	1	1051187
8742	1	1051188
8778	1	1051189
8793	1	1051190
8802	1	1051191
8836	1	1051192
8850	1	1051193
8857	1	1051194
8866	1	1051195
8900	1	1051196
8927	1	1051197
8943	1	1051198
8946	1	1051199
8950	1	1051200
8959	1	1051201
8968	1	1051202
8978	1	1051203
8990	1	1051204
9016	1	1051205
9018	1	1051206
9029	1	1051207
9038	1	1051208
9049	1	1051209
9075	1	1051210
9102	1	1051211
9116	1	1051212
9157	1	1051213
9160	1	1051214
9180	1	1051215
9194	1	1051216
9200	1	1051217
9202	1	1051218
9247	1	1051219
9301	1	1051220
9345	1	1051221
9379	1	1051222
9381	1	1051223
9399	2	1051225
9411	1	1051226
9417	1	1051227
9439	1	1051228
9440	1	1051229
9446	1	1051230
9465	1	1051231
9468	1	1051232
9488	1	1051233
9492	1	1051234
9528	1	1051235
9533	1	1051236
9545	2	1051238
9562	1	1051239
9597	2	1051241
9603	1	1051242
9618	1	1051243
9661	1	1051244
9678	1	1051245
9681	1	1051246
9702	1	1051247
9705	1	1051248
9711	1	1051249
9739	1	1051250
9760	1	1051251
9788	1	1051252
9821	1	1051253
9844	1	1051254
9878	1	1051255
9957	1	1051256
9958	1	1051257
9982	1	1051258
9983	1	1051259
10036	1	1051260
10055	1	1051261
10066	1	1051262
10075	1	1051263
10096	1	1051264
10101	1	1051265
10114	1	1051266
10116	1	1051267
10119	1	1051268
10121	1	1051269
10138	1	1051270
10142	2	1051272
10161	1	1051273
10199	1	1051274
10200	1	1051275
10208	1	1051276
10227	1	1051277
10237	1	1051278
10304	1	1051279
10305	1	1051280
10323	1	1051281
10353	1	1051282
10361	1	1051283
10373	1	1051284
10376	1	1051285
10382	1	1051286
10404	1	1051287
10414	1	1051288
10447	1	1051289
10461	1	1051290
10468	1	1051291
10500	1	1051292
10525	1	1051293
10527	1	1051294
10529	1	1051295
10584	1	1051296
10592	1	1051297
10608	1	1051298
10626	1	1051299
10630	1	1051300
10653	1	1051301
10658	1	1051302
10666	1	1051303
10723	1	1051304
10727	1	1051305
10771	1	1051306
10848	1	1051307
10877	1	1051308
10893	1	1051309
10901	1	1051310
10993	1	1051311
10997	1	1051312
11032	1	1051313
11057	1	1051314
11065	1	1051315
11066	1	1051316
11127	1	1051317
11139	1	1051318
11149	1	1051319
11192	1	1051320
11198	1	1051321
11248	1	1051322
11260	1	1051323
11347	1	1051324
11369	1	1051325
11373	1	1051326
11408	1	1051327
11410	1	1051328
11438	1	1051329
11546	1	1051330
11555	1	1051331
11556	1	1051332
11558	1	1051333
11566	1	1051334
11576	1	1051335
11603	1	1051336
11604	1	1051337
11614	1	1051338
11621	1	1051339
11692	1	1051340
11744	1	1051341
11746	1	1051342
11786	1	1051343
11813	1	1051344
11816	1	1051345
11854	1	1051346
11907	1	1051347
11924	1	1051348
11936	2	1051350
11983	1	1051351
11995	1	1051352
12019	1	1051353
12049	1	1051354
12056	1	1051355
12058	1	1051356
12062	1	1051357
12076	1	1051358
12131	1	1051359
12153	1	1051360
12180	1	1051361
12182	1	1051362
12189	1	1051363
12200	1	1051364
12201	1	1051365
12205	1	1051366
12209	1	1051367
12284	1	1051368
12483	1	1051369
12521	1	1051370
12543	1	1051371
12562	1	1051372
12568	1	1051373
12594	1	1051374
12628	1	1051375
12644	1	1051376
12647	1	1051377
12649	1	1051378
12652	1	1051379
12662	1	1051380
12704	1	1051381
12732	1	1051382
12753	1	1051383
12837	1	1051384
12882	1	1051385
12905	1	1051386
13165	1	1051387
13215	1	1051388
13222	1	1051389
13255	1	1051390
13260	1	1051391
13315	1	1051392
13357	1	1051393
13365	1	1051394
13381	1	1051395
13410	1	1051396
13415	1	1051397
13430	1	1051398
13431	1	1051399
13500	1	1051400
13730	1	1051401
13731	1	1051402
13737	1	1051403
13760	1	1051404
13824	1	1051405
13845	2	1051407
13849	1	1051408
13875	1	1051409
13923	1	1051410
13946	1	1051411
13975	1	1051412
14005	1	1051413
14012	1	1051414
14052	1	1051415
14064	1	1051416
14094	1	1051417
14127	1	1051418
14161	1	1051419
14177	1	1051420
14220	1	1051421
14256	1	1051422
14273	1	1051423
14348	1	1051424
14351	1	1051425
14419	1	1051426
14428	1	1051427
14439	1	1051428
14443	1	1051429
14456	1	1051430
14520	1	1051431
14583	1	1051432
14634	1	1051433
14686	1	1051434
14734	1	1051435
14930	1	1051436
14977	1	1051437
15040	1	1051438
15182	1	1051439
15187	1	1051440
15351	1	1051441
15354	1	1051442
15358	1	1051443
15366	1	1051444
15495	1	1051445
15572	1	1051446
15671	1	1051447
15706	1	1051448
15818	1	1051449
15836	1	1051450
15920	1	1051451
16217	1	1051452
16339	1	1051453
16392	1	1051454
16452	1	1051455
16516	1	1051456
16581	1	1051457
16619	1	1051458
16734	1	1051459
16801	1	1051460
16913	1	1051461
16917	1	1051462
16987	1	1051463
17253	1	1051464
17430	1	1051465
17498	1	1051466
17578	1	1051467
17579	1	1051468
17702	1	1051469
17940	1	1051470
18313	1	1051471
18632	1	1051472
18810	1	1051473
19060	1	1051474
19262	1	1051475
19388	1	1051476
19509	1	1051477
19525	1	1051478
19641	1	1051479
19666	1	1051480
19673	1	1051481
19749	1	1051482
19835	1	1051483
19853	1	1051484
19958	1	1051485
20015	1	1051486
20070	1	1051487
20086	1	1051488
20281	1	1051489
21231	1	1051490
21236	1	1051491
21680	1	1051492
21764	1	1051493
22292	1	1051494
23189	1	1051495
23244	1	1051496
24293	1	1051497
24433	1	1051498
24579	1	1051499
24682	1	1051500
24688	1	1051501
24868	1	1051502
25087	1	1051503
25366	1	1051504
25640	1	1051505
26385	1	1051506
26684	1	1051507
27268	1	1051508
27294	1	1051509
27323	1	1051510
28246	1	1051511
28784	1	1051512
30160	1	1051513
32355	1	1051514
37605	1	1051515
38311	1	1051516
38394	1	1051517
38780	1	1051518
39580	1	1051519
40902	1	1051520
